Student_1 EC 1 1001 49 55 40 58 43 22 34 40 22 37 1 1
Student_2 EC 4 1002 45 58 52 49 49 21 26 33 34 23 0 1
Student_3 CV 2 1003 60 41 46 57 59 52 34 37 42 31 0 0
Student_4 EE 4 1004 59 41 43 46 55 44 24 38 40 34 1 1
Student_5 EE 1 1005 55 42 40 46 49 32 33 38 41 32 0 0
Student_6 EC 4 1006 57 46 49 45 50 29 37 34 37 35 1 1
Student_7 CS 4 1007 57 57 45 43 59 35 56 30 43 30 1 0
Student_8 CV 3 1008 54 56 45 50 49 40 38 29 29 20 1 0
Student_9 CV 2 1009 46 40 46 57 49 28 40 24 46 39 0 0
Student_10 EE 1 1010 44 48 48 56 51 30 35 22 47 29 1 0
Student_11 ME 2 1011 48 48 47 45 59 27 20 38 40 40 0 0
Student_12 CV 1 1012 56 59 45 46 48 38 20 38 33 44 0 0
Student_13 CV 2 1013 46 56 59 43 49 31 28 31 42 37 1 0
Student_14 CS 4 1014 40 46 47 59 50 23 24 44 35 49 0 1
Student_15 EC 4 1015 50 60 56 41 44 50 41 42 24 42 1 0
Student_16 EC 4 1016 49 60 40 51 45 25 25 21 26 35 0 0
Student_17 ME 2 1017 46 44 48 51 55 29 21 29 21 21 1 1
Student_18 CV 3 1018 59 57 49 42 59 51 36 22 24 57 0 1
Student_19 ME 2 1019 40 46 49 42 59 39 28 37 30 20 0 0
Student_20 ME 1 1020 54 57 44 42 40 28 57 43 25 28 1 1
Student_21 EE 4 1021 59 50 60 42 57 39 42 44 20 44 0 1
Student_22 EC 3 1022 56 43 48 58 42 39 21 29 37 35 1 0
Student_23 ME 2 1023 42 47 40 45 53 24 39 25 28 21 1 1
Student_24 CS 4 1024 53 45 42 40 50 53 40 37 38 30 0 0
Student_25 ME 3 1025 58 59 40 49 43 25 54 29 42 29 1 0
Student_26 ME 1 1026 60 46 57 50 41 59 36 52 48 37 1 0
Student_27 CS 4 1027 58 40 58 56 43 37 21 43 27 23 0 0
Student_28 ME 4 1028 56 41 40 53 55 37 25 27 37 55 0 0
Student_29 EC 4 1029 54 46 56 43 43 48 22 40 41 35 1 1
Student_30 EC 4 1030 56 49 41 49 47 45 31 37 40 43 1 0
Student_31 CV 4 1031 41 60 51 47 43 38 28 30 26 22 0 1
Student_32 CS 4 1032 53 53 42 54 49 39 51 28 53 28 1 0
Student_33 ME 2 1033 51 51 50 53 56 36 51 23 27 53 0 1
Student_34 EE 1 1034 49 49 48 59 57 34 44 24 47 23 1 1
Student_35 CV 1 1035 42 42 40 41 45 31 20 30 30 31 0 0
Student_36 EE 3 1036 43 48 57 54 48 24 36 22 28 45 0 1
Student_37 CV 2 1037 57 51 60 42 44 43 39 56 24 31 0 1
Student_38 CS 3 1038 44 51 40 45 43 33 33 22 32 34 1 1
Student_39 EC 1 1039 55 55 60 44 55 20 20 35 27 35 1 1
Student_40 EC 2 1040 57 40 46 54 46 28 39 34 47 21 0 0
Student_41 CS 4 1041 49 52 54 48 48 27 28 23 35 42 0 1
Student_42 ME 3 1042 45 45 60 56 41 29 30 56 40 34 0 0
Student_43 EC 2 1043 52 49 56 44 41 43 46 44 40 29 1 0
Student_44 CV 4 1044 42 51 56 43 49 32 32 55 21 42 0 0
Student_45 EE 3 1045 56 49 41 40 53 20 44 33 29 50 1 0
Student_46 EC 4 1046 55 48 57 45 42 55 27 51 23 26 0 1
Student_47 CV 3 1047 40 53 53 55 45 30 48 50 29 39 0 1
Student_48 CS 4 1048 45 51 55 60 50 41 27 30 58 46 0 0
Student_49 EE 4 1049 55 57 53 50 55 22 24 30 21 36 0 1
Student_50 CV 2 1050 41 51 51 40 58 38 41 50 24 23 1 1
Student_51 EE 1 1051 50 53 43 48 60 37 49 39 28 44 1 1
Student_52 EC 1 1052 51 47 47 55 51 21 23 28 21 22 0 1
Student_53 CS 3 1053 51 49 58 60 53 35 39 37 50 53 1 1
Student_54 EE 3 1054 51 43 51 41 57 23 25 31 26 42 0 0
Student_55 ME 2 1055 60 51 52 59 54 32 24 48 49 34 1 0
Student_56 ME 4 1056 45 59 56 52 50 40 39 30 25 29 1 1
Student_57 CS 3 1057 52 44 57 47 59 51 23 34 42 26 0 0
Student_58 CV 2 1058 47 42 52 40 41 35 35 39 22 23 0 1
Student_59 EC 2 1059 60 40 49 55 59 58 32 46 29 44 1 0
Student_60 EE 2 1060 43 55 58 41 51 35 53 52 36 25 1 0
Student_61 EE 1 1061 41 50 57 51 47 21 49 50 35 38 0 0
Student_62 EE 4 1062 46 47 53 54 42 26 23 52 33 32 0 0
Student_63 ME 1 1063 55 59 48 45 59 23 34 25 33 32 0 1
Student_64 CS 3 1064 59 55 56 40 45 43 28 28 30 22 0 1
Student_65 EC 1 1065 59 53 46 56 56 30 21 46 37 46 1 1
Student_66 EC 3 1066 58 57 58 59 49 36 40 21 38 47 1 0
Student_67 ME 3 1067 40 44 55 52 42 37 31 24 36 40 1 1
Student_68 CV 3 1068 60 57 43 48 40 41 40 22 37 39 1 0
Student_69 CS 3 1069 50 56 58 43 47 41 54 45 37 34 1 0
Student_70 EE 4 1070 43 58 57 44 42 42 28 57 42 23 0 1
Student_71 EC 4 1071 55 49 45 48 46 43 48 42 40 37 0 1
Student_72 CS 1 1072 40 47 41 47 46 40 33 39 40 43 1 0
Student_73 EE 2 1073 52 59 57 57 46 40 45 33 21 33 0 0
Student_74 EE 1 1074 45 41 53 42 46 29 35 25 20 36 1 1
Student_75 CV 4 1075 43 57 40 42 49 27 40 30 30 26 1 0
Student_76 ME 1 1076 41 55 47 55 46 28 23 27 25 32 0 0
Student_77 EC 1 1077 46 40 40 45 55 29 28 32 29 32 0 0
Student_78 EE 3 1078 52 42 41 40 49 31 21 24 34 49 0 1
Student_79 EE 4 1079 60 58 49 58 43 45 38 21 55 37 0 1
Student_80 EC 4 1080 54 51 50 45 58 32 35 39 23 42 0 0
Student_81 EC 2 1081 47 59 42 45 49 41 54 40 31 41 1 1
Student_82 CV 4 1082 54 60 58 43 54 24 43 28 38 32 0 0
Student_83 CS 3 1083 56 45 44 55 49 55 36 38 39 36 0 0
Student_84 CV 4 1084 55 56 51 40 49 23 54 25 27 36 0 0
Student_85 EC 3 1085 55 57 47 51 57 28 35 47 45 26 0 0
Student_86 EC 2 1086 55 53 45 54 42 24 41 24 29 24 1 1
Student_87 CV 4 1087 57 53 53 40 44 54 38 38 27 35 0 1
Student_88 EC 1 1088 45 45 44 50 59 30 22 35 39 30 1 1
Student_89 EC 2 1089 57 46 55 60 52 40 34 31 54 29 1 0
Student_90 CV 4 1090 54 60 41 43 50 27 36 38 41 32 1 0
Student_91 ME 1 1091 55 54 59 43 41 44 24 42 41 24 0 1
Student_92 CV 2 1092 51 44 46 52 47 38 41 25 28 42 1 0
Student_93 ME 2 1093 41 53 56 41 41 29 22 41 30 34 1 0
Student_94 ME 2 1094 46 55 49 46 55 45 33 43 35 37 0 0
Student_95 CV 3 1095 46 46 43 53 51 27 30 28 41 31 1 1
Student_96 CS 1 1096 44 43 53 49 49 37 43 22 25 48 1 1
Student_97 ME 2 1097 56 43 59 54 53 52 29 50 28 51 1 0
Student_98 CS 4 1098 44 45 60 48 47 20 20 20 48 46 0 0
Student_99 EC 4 1099 56 52 44 42 43 29 46 41 23 33 0 1
Student_100 CV 2 1100 60 58 41 41 41 26 57 41 22 25 1 0
